[(251, 25711.438), (393, 40195.541), (177, 18162.627), (318, 32544.988), (471, 48151.807), (170, 17448.789), (469, 47947.733), (428, 43765.255), (65, 6738.41), (291, 29790.762), (350, 35809.283), (151, 15510.828), (203, 20815.487), (196, 20101.064), (228, 23365.239), (34, 3576.204), (150, 15408.508), (53, 5514.259), (392, 40092.417), (212, 21732.801), (226, 23160.389), (362, 37032.44), (314, 32137.56), (283, 28975.046), (437, 44683.716), (463, 47335.627), (176, 18060.901), (182, 18672.449), (245, 25098.485), (322, 32953.074)]
[(315, 30659.028), (79, 7766.519), (349, 33957.654), (294, 28622.323), (399, 38806.382), (40, 3983.567), (54, 5341.251), (313, 30464.785), (135, 13198.723), (483, 46955.973), (391, 38032.457), (71, 6990.395), (51, 5050.41), (311, 30271.461), (457, 44432.214), (392, 38128.872), (320, 31143.177), (258, 25129.776), (472, 45887.894), (18, 1849.403), (206, 20085.75), (442, 42978.708), (195, 19018.715), (74, 7281.578), (306, 29785.452), (116, 11355.545), (491, 47730.532), (172, 16787.549), (52, 5147.612), (316, 30756.23)]
[(418, 51471.916), (432, 53194.178), (67, 8298.618), (470, 57869.16), (473, 58237.061), (78, 9651.542), (350, 43108.093), (24, 3009.174), (57, 7068.255), (45, 5592.309), (132, 16293.547), (312, 38433.309), (111, 13710.512), (196, 24165.246), (162, 19983.339), (113, 13956.568), (249, 30685.306), (466, 57377.563), (76, 9405.55), (456, 56145.491), (381, 46920.932), (32, 3993.124), (61, 7560.342), (22, 2763.37), (200, 24657.32), (332, 40895.039), (20, 2517.183), (339, 41754.346), (7, 918.143), (427, 52579.973)]
[(491, 33442.231), (458, 31197.978), (175, 11952.617), (415, 28273.888), (59, 4064.374), (384, 26165.806), (461, 31401.368), (114, 7804.803), (298, 20316.548), (259, 17665.479), (7, 528.412), (314, 21404.044), (256, 17460.416), (353, 24056.761), (243, 16577.595), (422, 28748.164), (332, 22628.649), (421, 28681.826), (313, 21337.49), (156, 10660.488), (202, 13789.358), (198, 13516.644), (151, 10320.372), (216, 14741.23), (291, 19841.042), (288, 19637.266), (425, 28954.543), (91, 6240.096), (434, 29565.843), (355, 24192.317)]
[(72, 7400.724), (79, 8114.246), (179, 18314.96), (322, 32901.375), (433, 44223.767), (245, 25047.021), (399, 40754.275), (491, 50139.317), (125, 12806.721), (182, 18620.374), (259, 26475.651), (325, 33207.992), (463, 47283.006), (368, 37593.175), (427, 43612.087), (291, 29738.352), (213, 21782.567), (442, 45142.345), (16, 1688.087), (283, 28923.066), (305, 31166.391), (339, 34635.62), (167, 17090.158), (223, 22802.122), (416, 42489.428), (10, 1076.395), (489, 49935.196), (449, 45855.695), (371, 37898.19), (94, 9644.64)]
[(116, 11764.956), (494, 49944.273), (303, 30651.417), (451, 45600.484), (408, 41257.93), (422, 42672.458), (19, 1967.13), (102, 10350.819), (496, 50146.609), (347, 35096.092), (228, 23076.577), (186, 18835.061), (270, 27318.813), (53, 5401.371), (421, 42570.209), (407, 41157.05), (317, 32066.904), (276, 27925.013), (259, 26207.727), (453, 45801.337), (446, 45095.346), (166, 16814.285), (323, 32672.829), (178, 18026.726), (60, 6108.255), (12, 1260.339), (29, 2977.287), (450, 45498.85), (492, 49741.281), (218, 22066.439)]
[(370, 37785.878), (278, 28401.607), (166, 16977.836), (224, 22894.401), (26, 2697.274), (110, 11265.689), (39, 4023.362), (379, 38703.214), (249, 25443.357), (266, 27178.394), (204, 20853.983), (179, 18303.84), (474, 48394.45), (444, 45334.086), (254, 25954.622), (420, 42885.767), (338, 34522.488), (22, 2289.323), (58, 5961.562), (15, 1575.394), (315, 32175.988), (29, 3003.186), (17, 1779.083), (465, 47477.351), (119, 12183.245), (363, 37072.61), (19, 1983.228), (395, 40336.878), (164, 16773.53), (380, 38805.324)]
[(254, 12543.323), (44, 2253.348), (236, 11662.079), (395, 19453.074), (91, 4556.232), (315, 15532.771), (439, 21608.869), (32, 1665.213), (380, 18719.16), (272, 13425.484), (27, 1420.445), (356, 17543.092), (371, 18277.529), (353, 17395.328), (295, 14553.08), (338, 16659.262), (183, 9065.033), (374, 18424.299), (142, 7055.199), (234, 11564.408), (8, 489.253), (98, 4899.279), (120, 5977.687), (302, 14895.733), (390, 19208.331), (267, 13181.005), (423, 20825.516), (156, 7741.71), (122, 6075.745), (21, 1126.293)]
[(150, 8016.821), (227, 12098.139), (261, 13900.307), (162, 8652.414), (95, 5101.549), (272, 14483.247), (43, 2345.185), (63, 3405.18), (476, 25294.643), (294, 15648.955), (481, 25560.142), (219, 11673.944), (163, 8705.953), (7, 437.04), (466, 24764.492), (147, 7857.726), (36, 1974.507), (490, 26038.59), (202, 10773.071), (330, 17556.469), (467, 24819.432), (23, 1285.311), (32, 1762.25), (85, 4571.556), (374, 19889.562), (355, 18882.738), (72, 3882.575), (48, 2610.335), (329, 17504.714), (364, 19358.515)]
[(257, 14718.98), (475, 27144.037), (81, 4686.244), (109, 6282.843), (361, 20647.935), (50, 2919.492), (135, 7764.347), (21, 1266.265), (216, 12382.091), (430, 24580.106), (491, 28057.66), (87, 5028.474), (19, 1152.178), (382, 21844.316), (104, 5997.644), (232, 13293.29), (416, 23783.295), (342, 19564.978), (18, 1095.401), (176, 10102.126), (309, 17682.211), (157, 9019.065), (54, 3147.231), (158, 9076.081), (69, 4002.583), (127, 7308.433), (379, 21673.285), (431, 24638.424), (473, 27030.564), (90, 5199.474)]
[(420, 21473.665), (265, 13568.853), (355, 18158.695), (301, 15405.389), (443, 22646.266), (120, 6173.475), (24, 1277.359), (305, 15609.581), (380, 19433.319), (229, 11733.252), (52, 2705.139), (410, 20964.551), (91, 4694.106), (266, 13620.62), (307, 15711.523), (459, 23463.426), (213, 10916.687), (180, 9233.946), (236, 12089.643), (376, 19230.199), (440, 22494.488), (125, 6428.384), (31, 1634.331), (426, 21781.387), (153, 7856.98), (340, 17393.99), (33, 1736.392), (252, 12905.881), (386, 19739.766), (172, 8825.891)]
[(342, 15488.351), (135, 6172.774), (459, 20752.223), (358, 16207.357), (478, 21608.604), (103, 4732.814), (137, 6262.325), (269, 12203.375), (349, 15802.51), (411, 18594.199), (256, 11618.489), (270, 12248.129), (26, 1267.293), (17, 862.047), (361, 16342.428), (319, 14453.75), (427, 19312.302), (88, 4057.426), (328, 14859.053), (476, 21518.765), (399, 18053.591), (149, 6802.205), (28, 1357.121), (201, 9142.807), (50, 2347.035), (470, 21248.937), (97, 4462.399), (66, 3067.299), (344, 15578.997), (374, 16927.668)]
[(212, 21514.787), (184, 18686.931), (415, 42017.302), (140, 14242.375), (275, 27877.595), (479, 48482.414), (441, 44645.368), (166, 16868.404), (205, 20807.994), (257, 26059.839), (360, 36463.631), (15, 1617.407), (357, 36159.891), (35, 3637.187), (255, 25858.387), (12, 1314.057), (288, 29191.522), (390, 39493.551), (267, 27069.547), (492, 49795.329), (269, 27271.675), (470, 47573.564), (347, 35149.842), (408, 41311.623), (71, 7273.644), (142, 14444.819), (456, 46158.953), (174, 17676.401), (474, 47977.879), (280, 28383.58)]
[(404, 19495.358), (12, 678.245), (270, 13062.555), (237, 11478.449), (283, 13687.52), (248, 12006.987), (94, 4614.53), (419, 20214.805), (61, 3030.327), (21, 1110.239), (482, 23240.86), (49, 2454.045), (382, 18439.282), (426, 20550.769), (221, 10710.661), (155, 7542.195), (416, 20071.565), (55, 2742.353), (276, 13351.515), (271, 13110.676), (152, 7398.707), (405, 19542.495), (57, 2838.079), (101, 4950.13), (316, 15270.601), (459, 22135.203), (183, 8886.061), (193, 9366.336), (319, 15415.446), (344, 16615.058)]
[(327, 21683.004), (138, 9208.802), (495, 32770.797), (488, 32308.797), (385, 25512.246), (21, 1486.417), (92, 6172.598), (394, 26106.215), (366, 24257.571), (115, 7690.604), (258, 17129.751), (299, 19834.484), (110, 7360.251), (252, 16732.208), (392, 25973.952), (260, 17260.445), (447, 29602.432), (335, 22212.109), (332, 22012.98), (424, 28084.729), (68, 4588.479), (98, 6568.411), (402, 26632.436), (353, 23399.551), (204, 13565.172), (113, 7558.401), (274, 18184.341), (193, 12838.195), (342, 22673.414), (361, 23927.43)]
[(20, 1098.278), (455, 22848.531), (131, 6648.615), (488, 24500.666), (48, 2498.193), (276, 13899.408), (28, 1498.131), (86, 4398.853), (196, 9898.668), (326, 16398.231), (381, 19148.7), (63, 3248.501), (27, 1448.238), (386, 19399.918), (240, 12098.565), (239, 12048.603), (293, 14749.701), (363, 18248.92), (172, 8698.375), (181, 9148.851), (340, 17099.405), (265, 13349.585), (389, 19548.138), (469, 23548.322), (401, 20148.573), (353, 17749.481), (441, 22150.277), (163, 8248.245), (62, 3198.467), (436, 21899.306)]
[(341, 23924.127), (184, 12933.254), (281, 19723.718), (428, 30013.631), (176, 12373.595), (364, 25533.587), (205, 14403.129), (60, 4253.335), (487, 34145.59), (112, 7893.573), (78, 5513.743), (472, 33094.006), (95, 6703.269), (199, 13984.079), (98, 6913.618), (66, 4673.34), (196, 13773.778), (104, 7333.186), (169, 11883.735), (274, 19234.415), (194, 13634.025), (266, 18673.773), (258, 18114.224), (166, 11673.939), (59, 4183.159), (413, 28964.462), (210, 14753.414), (155, 10903.648), (303, 21264.794), (390, 27353.912)]
[(266, 17416.256), (417, 27231.231), (226, 14815.612), (154, 10135.945), (387, 25281.883), (232, 15205.465), (239, 15660.331), (17, 1230.284), (68, 4545.643), (20, 1425.137), (168, 11045.438), (93, 6170.171), (166, 10915.611), (26, 1815.332), (426, 27816.6), (81, 5390.485), (183, 12020.856), (156, 10265.989), (463, 30221.854), (45, 3050.258), (257, 16830.757), (271, 17740.921), (345, 22551.32), (289, 18910.733), (198, 12996.069), (332, 21705.53), (485, 31652.224), (203, 13320.834), (295, 19301.314), (14, 1035.21)]
